0.183319857353
0.948056674445
1.0
0.83161780479
0.246365676392
0.0306228598037
0.142427415868
0.149010933861
0.150332861045
0.0712091567757
0.0401298518741
0.0106685697958
0.00532168844986
0.0029202720986
0.0147681872024
0.033025354793
0.0291456794903
0.00853575159166
0.00528142236817
0.029520921414
0.0332208042529
0.0294609110953
0.0152461842725
0.00519204865958
0.00103018057266
0.00170007880698
0.000543356653939
0.000641647194805
0.00128974412958
0.00123554838269
0.000604598808444
0.000920795812363
0.00112955636747
0.000877258063861
0.000479763802192
0.00044477321687
0.000623911224819
0.000489364284146
0.000406017999016
