109.542594464
219.39816777
328.940762234
438.639846119
548.651908845
658.038013888
768.676034297
879.001075865
989.482606853
1100.27711668
1211.38460535
1317.64092198
1428.12245297
1538.29100512
1657.84892251
1769.58236886
1883.03719884
1996.64851824
2109.9468588
2224.18413588
2338.42141297
2454.22358426
2569.08681903
2685.67143742
2799.28275682
2918.99716363
3035.26880318
3156.07863593
3272.97623317
3394.25553418
3548.8670818
3748.70407199
3880.93763245
3998.93065563
4127.40846999
4248.53128158
4448.68125061
4548.67799042
5248.3421902
